10000
4843
28890
6126
10559
17935
4097
22776
12766
21306
21676
8889
30870
20836
10363
27807
14893
24841
26001
13711
4607
10212
29512
32207
7249
14843
6947
6180
4834
5083
10757
5687
6083
2597
12704
21565
8809
21065
32303
26583
17153
2194
5224
30263
12291
22371
19372
13701
21002
9152
22658
7553
16867
25359
23363
2921
27875
32288
18199
23837
21374
25964
13599
18305
5654
15002
30708
27683
17425
13128
849
29214
8494
6407
31756
9790
21785
2727
1099
26212
14653
25270
6132
23596
14553
26435
3429
19150
30550
9959
3686
29762
12504
9991
7515
22952
2323
18259
31423
23270
15456
32402
32461
31123
26383
21666
15232
17172
22271
15802
31422
9732
7021
15091
27856
14042
18186
25607
6934
10181
6224
15960
29433
30683
31765
1332
32032
7539
7777
18263
5351
12239
32125
32177
13325
21503
13132
32618
9900
28929
26846
30500
15215
28461
10307
15744
17407
1745
157
15587
31166
25112
12409
17018
6840
5680
19040
24699
21207
14251
1960
17838
17750
3622
15760
11821
19063
11049
10381
20840
13689
26703
478
29035
14020
4263
4966
28516
11880
14681
15803
2399
709
3469
9339
9557
20363
4488
29919
19813
230
8472
31378
16737
12018
11571
30403
16780
19829
31963
28025
30370
973
30020
23846
6937
16679
11577
5248
18855
24818
20412
6796
5380
29588
4589
23803
19697
32603
16429
6330
5241
19894
9858
12485
11639
6309
22589
26428
7512
11374
6875
11448
3874
20882
30762
31199
5813
4863
15277
26422
14674
13447
24384
30519
24409
28049
11007
18084
4951
15374
3173
5914
12863
25519
26801
26601
28920
27989
28302
4387
23320
15050
10994
5363
12016
686
25927
6960
15048
18612
1737
19250
8043
9742
4399
30693
7143
30245
26765
21019
18062
15246
29817
5415
22336
20793
23661
24999
26349
15340
25452
15009
18517
12272
9960
22738
24082
7947
17636
18498
4569
25262
11606
1052
20733
22126
8911
1213
12852
30392
11869
29707
10398
22465
2737
31752
26627
2237
19069
25511
24157
14161
15904
28126
26262
10058
23685
12028
6290
21135
13128
19517
23152
17748
8731
22939
5901
2705
25961
18920
15818
15539
13369
9498
28560
3729
30036
30950
32017
24737
20394
14224
6736
13932
6642
30977
27491
8255
28049
21018
20087
27940
24765
13896
1814
14608
11234
5976
11941
11102
15940
14221
3633
31100
1511
25072
17771
485
28332
31976
25328
4943
23740
11018
20942
13349
9769
28210
16452
32311
20435
211
25546
25265
4489
22923
15953
27209
25969
3323
18636
17853
9898
469
9967
17021
815
11062
18487
30628
17663
15671
6698
16173
13947
4031
12256
20324
9743
9115
706
2202
19732
32208
12434
19229
7669
19759
23212
26984
15761
3627
2699
2710
11233
8424
16270
4381
24539
1428
2556
22968
23190
13050
22343
26277
30126
15188
21389
19217
28906
13153
1124
27345
796
4024
215
25170
29257
27740
27308
10963
30474
29328
3305
20177
28466
20717
17302
17091
9137
31153
4291
13832
9657
7002
717
28702
1823
1908
20446
3604
29187
31663
19123
13378
25523
308
5282
2103
3789
22073
12507
1779
10404
5587
23790
2903
9701
4620
21133
6361
10875
5174
22163
15996
12463
30591
14662
9728
11156
20933
11225
9045
10402
7851
3894
22614
13473
8428
8186
16564
1993
28143
9152
14896
15655
22428
31650
23822
6466
10351
16381
14534
9215
26058
18805
18684
6594
3216
19257
14002
30678
31727
25224
14781
10255
637
16245
11893
4013
16775
19175
13233
1412
23205
28131
25843
29530
7058
24078
1247
9873
7227
4973
11250
5126
790
19312
20336
4920
25525
15663
13470
21677
27547
25331
9266
6033
20814
31992
29192
25249
14766
12657
11542
17479
1924
28109
2978
24070
18782
27961
26546
16153
14747
2150
24517
21079
1218
12940
28608
25434
18968
18351
5675
32480
2673
4129
22941
12913
31046
7496
17013
28483
25608
25505
7371
5210
9140
13829
5799
25587
19624
1579
3696
26659
4277
3695
9639
2748
1909
18641
27605
25712
20702
22337
13761
1849
17944
16666
29927
18424
11404
10732
8998
19292
7998
25982
5817
23045
8796
3347
21096
16361
5399
31213
9727
15095
30129
18704
13056
15611
11223
19528
10645
1218
19762
3181
20936
21118
4153
16614
13558
15211
24905
24684
31617
24755
19959
12048
21190
3472
15013
28032
28495
176
5715
3462
32585
25821
184
4049
8504
15581
5777
28408
13033
18071
22586
15292
3240
6520
24187
20110
31924
1045
20900
12881
5872
27922
22236
11360
11483
15170
26550
1491
450
2319
18437
31230
3893
10013
3570
28219
28087
12842
28747
22250
13753
16441
20254
28085
27850
26863
10887
7449
21256
11581
31686
17697
9434
575
9364
15733
9441
868
26808
14484
555
4048
9685
27742
28330
22270
15750
9173
31205
6314
26028
7716
1006
7150
21255
24289
23700
8619
29188
21391
25305
22058
8662
29287
14503
1539
9672
13912
24254
6718
16594
7244
19697
8121
12138
1453
23186
24009
29596
9255
2859
16420
10077
21168
4974
6143
18717
32710
10863
30835
13979
3320
31505
12837
18941
18344
18878
12838
19744
24335
8796
18456
14125
31618
8828
6035
26733
23283
13268
14535
22622
5818
19183
19554
27142
30358
32291
1716
23175
29934
2244
30224
32244
22621
3735
2166
15971
1646
13193
5232
4419
29604
23457
26938
22256
21694
10036
10789
22661
30008
32600
31037
22514
22293
18074
13610
26190
32732
500
20052
29806
5857
3577
30539
20918
14533
13395
13413
3375
9280
13679
3753
27866
9246
6775
28139
28484
23176
25473
24121
2907
20869
26118
17526
8832
29889
28565
17989
22749
22668
200
26921
18425
29221
13432
11498
16265
9529
10029
9530
2186
19111
29400
22168
24204
5254
4805
23157
4945
29545
17355
3733
4246
24801
13510
21433
11313
13124
6983
8059
604
24237
137
25977
19025
18244
23207
7093
22807
2240
17933
24124
18075
22314
29484
30214
26882
23779
7283
18206
6718
14824
6266
27138
31711
2133
23680
29773
11564
2600
791
13459
10099
25672
11038
25997
13469
2758
17136
7286
13317
16994
5083
30388
8587
23377
8660
19131
4836
2365
13160
24623
7988
31886
5622
29512
25822
8424
29212
1915
8602
9460
17519
19799
4297
12132
20079
8109
1030
25905
5050
23539
27134
9511
14207
6634
14209
7332
20022
1663
26329
6557
30606
26095
346
15841
21671
303
26426
30626
11906
651
18851
25393
24758
1421
2823
31241
23652
24096
31156
13071
22380
23285
6312
30744
31713
1830
27302
5292
11195
12058
29577
522
11468
11432
25561
13419
20726
15999
8860
19851
28314
28357
10606
22630
15699
19710
26324
29247
27365
32560
6862
1255
31856
28228
25003
30268
20458
4528
24865
28912
20939
7763
19357
10892
15114
7328
11736
19124
27465
10751
15019
22444
13133
26992
2340
19483
9136
26482
30937
14863
13274
29987
12412
8002
21805
16040
27312
20124
18048
8399
1307
4856
15311
499
1469
28459
11824
12833
2688
8002
26633
5752
22288
16140
8577
9174
29932
14809
16692
27825
6590
26496
5419
17986
18408
31399
6155
18665
23903
9278
5772
12237
1212
4173
18733
23491
15504
8176
13863
32113
26872
1183
28575
10931
9074
8371
543
25405
15599
20774
10055
18562
9770
1179
4288
3285
12855
17310
24434
24014
26463
3628
6903
19952
21035
12918
15695
392
3775
226
9941
8920
31849
339
3697
24949
20346
3498
16912
238
30037
30093
19281
15022
32453
3943
19585
30500
1172
23215
10698
8737
14937
5998
21159
7809
9105
30459
16283
7437
7921
18953
30755
23200
15355
20452
13545
2441
3792
2808
29242
27185
30277
16019
1722
22270
2104
31212
4695
18294
6181
21603
22907
3752
3060
16138
24710
22727
29461
3941
23419
11289
5071
10094
17913
28943
25301
24284
14190
17846
6427
4517
18311
8270
23527
30658
5867
1335
11051
10802
20520
21525
2578
31041
13549
28716
5593
30730
2939
18444
32480
24891
86
115
6145
14616
20544
18031
28704
20675
20071
3267
10755
3770
6878
14476
1636
8353
7498
292
21573
31298
6110
1863
15236
17874
26249
26484
5551
10613
15981
19350
18713
1541
404
16356
23086
4879
31454
20230
9987
31775
5694
10617
306
25406
26918
23604
6628
27832
8000
23180
29743
14371
8031
24405
20899
27292
31925
26954
19743
11860
2118
22191
6121
19276
5788
25652
3326
15708
19901
4893
3751
27514
3930
15008
25165
25657
21321
18574
32398
17296
1590
30006
32657
9693
16533
28295
13718
19497
27098
15988
465
21934
7149
28829
30072
12950
23256
15147
26395
13318
29891
12027
29236
23899
7715
13056
5375
23220
7726
20194
24715
16560
8082
2283
28433
31097
31078
23332
5254
769
1121
955
32108
25227
20554
13480
12269
29038
19887
26256
9002
26389
16346
21226
24785
17483
2817
22880
25837
949
12989
21624
12291
13216
7357
8563
16218
23806
27580
24438
24474
23466
1712
10727
3481
3060
8261
21018
22897
29017
21129
23597
32726
14994
8937
17200
11686
18129
604
18569
8642
4167
7646
21143
8477
8169
4896
7830
28946
28276
23934
18883
19451
22190
3889
30144
1023
31983
10950
3129
18475
20449
12494
26056
16324
1668
13784
22550
28636
16245
5276
28484
7972
9583
4217
22153
11265
15634
31778
13340
2274
16355
14484
31828
21200
10389
8267
13
13895
21639
12981
14927
5700
24205
5095
8490
10655
5875
13455
32228
667
15551
13865
4183
13500
23607
24438
404
3288
30371
13610
27084
3953
22356
2789
28017
12610
14821
8293
13720
32280
9665
7930
18338
8675
8933
2874
27
2061
11240
32501
13538
1290
312
16236
17034
15921
16806
957
2305
17354
27685
32674
7023
4456
11982
1627
10081
26745
10024
23017
22311
14619
30631
31357
13178
3377
22130
2608
18531
10678
31081
6388
4440
23122
871
27851
28839
6955
22212
6711
13848
5374
28959
241
30925
8046
13402
221
18542
15772
16613
31550
31107
18679
17728
29735
4385
15958
26299
26674
5065
24900
10113
10867
15245
10650
28116
24239
22900
12116
4250
25546
26144
2205
3353
17023
1454
20012
18943
29780
734
14803
2981
5836
1396
4949
32148
24286
2014
24441
30025
24742
20502
1372
21045
32603
28618
24075
7944
6529
4027
25169
22575
17759
2659
27342
31643
12724
6618
13897
17861
32422
7418
10824
16367
8955
14274
477
940
12683
21240
24258
22434
4853
16146
28840
2447
1938
32343
9933
10634
1447
31298
8141
2700
18399
10279
19386
11310
8184
24856
29806
29108
25020
28938
8224
19019
31283
8500
566
11919
1815
16824
28250
5968
648
30341
464
20886
22273
19324
30471
21474
28555
21458
22382
30903
6192
22709
32648
16985
17075
23346
10563
3029
894
27990
28806
19265
23260
9875
1545
18757
7784
14182
1129
29147
5830
24631
7036
8786
9616
20353
1506
6297
1939
11058
31964
26554
1852
18773
7777
5541
13133
23534
31087
17967
28116
5157
13472
5978
26462
167
765
4823
23144
11082
23318
22729
6934
14832
9299
26572
20264
5805
20101
9782
25129
25388
1984
4253
2537
15182
1133
12697
28462
2837
3483
18122
20135
31681
18838
14109
9761
15416
29371
15948
16893
10411
28810
29092
16098
5495
1789
523
21423
16713
4120
24385
30644
12934
29634
8294
14625
1002
20947
21949
22462
25711
4718
10159
30685
20080
20625
26387
398
14862
21226
29356
17
20179
1773
5619
5521
22677
12835
17687
22287
925
19909
23107
9372
9225
16521
14367
20939
3183
27324
30105
12902
14275
14481
30437
24416
19067
11961
6082
18443
12016
9523
19200
25483
20744
9318
21311
5771
15634
6253
30969
8494
9713
20146
25027
10568
5757
29118
27855
13519
21030
30543
14518
10380
10459
13483
13940
7958
16938
3381
28084
11265
9128
28478
22095
24403
30355
4893
27407
7479
20662
12418
22968
7670
1165
7687
29769
10786
15530
3848
18303
26389
26199
25525
31387
18330
12157
16229
23653
29929
7108
22830
16753
17369
29948
15026
6049
2641
6844
24891
21227
26879
30024
29963
5980
23885
4024
2797
17501
12177
7511
9232
17718
4484
28234
24597
19152
246
6002
5479
21183
17088
20883
17355
8063
2553
21429
5432
1534
8045
11466
24808
13403
7498
24722
25775
21998
4893
19388
10380
14472
9725
4942
16510
22268
262
9030
24728
27870
10762
129
30552
30602
3714
29149
16949
18536
23755
17563
4215
3183
32143
12295
10315
27880
16769
7258
535
11637
5965
20703
19979
27473
24014
19797
30713
25049
9858
21141
7526
22604
31804
24180
10721
7375
537
7915
3475
12468
32437
8309
16920
2555
10143
15289
4493
3609
16650
1641
21482
10745
26053
19306
5778
11073
2925
20021
25129
16086
5857
23933
4774
14498
5366
30994
30121
2197
27500
3845
8974
233
5665
5133
17346
20907
17541
31529
15061
23927
27470
20615
25809
19331
7789
31653
24907
31454
18240
27830
6839
15098
2825
14663
129
28009
30111
27682
10073
29924
15459
3186
17358
5521
11638
8233
13086
10886
7977
11679
1612
21641
29621
123
17268
1561
1325
13783
20828
4275
3504
21407
16715
5966
24547
28474
27422
2600
926
10093
3992
4036
2790
30076
29946
32563
13084
6546
12755
20372
9843
9826
6682
8407
29096
28687
634
16838
493
25161
19949
22341
16166
442
31116
2264
5719
7328
6822
22119
2141
28347
783
31550
4317
15465
32698
600
31099
10512
25994
28637
27980
19644
24678
9193
24717
19721
14476
23183
8341
32068
551
27934
8200
18893
27427
14498
21326
29375
6976
19886
12611
22995
23141
19801
11312
26498
28984
6023
14075
19306
30699
11882
10906
7155
1880
29512
8141
6450
81
8318
4365
5902
23857
9413
22719
21153
16823
17332
24494
14049
15637
8070
4024
21631
29251
4126
24264
4367
6809
27464
1540
20842
5789
8770
14663
9040
282
22651
29393
10834
30834
22426
10045
21487
4660
1218
30132
5886
11505
15124
10337
16972
5196
12150
6436
7813
11089
16787
20107
26456
4360
24099
25854
24534
29513
22125
6201
1563
977
20746
256
10801
17302
14315
23309
27697
6232
18334
26446
26027
24697
9164
15949
584
30990
5383
9968
19374
27190
21442
17762
11428
11691
1185
13905
28535
17302
18932
27226
31644
2472
3710
21953
5782
2150
28026
18534
11291
10948
23520
500
24946
5110
30436
22108
30751
1923
7103
30338
17346
6043
11443
12597
14141
3498
10057
16485
19733
16685
28638
30352
20251
20677
30301
24702
16715
29065
6222
12078
29684
18593
25616
32272
281
785
8546
18805
14615
8146
17193
10563
17033
8231
9837
9197
29033
4654
17060
11682
6520
10677
12083
10181
24543
23376
8754
29854
20502
11688
19567
29519
14341
13590
14006
30729
3945
28017
1104
5247
28282
26148
16074
17563
22475
29827
3832
21360
22897
24671
1848
3185
18791
16087
25339
3296
8497
28530
24450
18825
15552
28523
4582
7343
150
30540
24155
28743
11050
5822
29877
22628
21902
17056
30252
12787
26447
2390
10332
6568
413
24932
22928
20280
9643
17979
23103
22729
6745
5970
12247
31398
21777
28025
25786
22328
27118
23147
6534
19250
18212
18082
15258
23051
16284
24943
1238
16049
10462
22345
10401
29820
4148
16998
21041
19552
19212
2440
22535
25192
26271
8474
18616
1887
15056
25211
13555
29392
9303
28058
23232
20786
10782
18627
5638
604
4587
12984
14928
7231
10304
23300
14800
1491
16256
29836
15781
15954
10834
22119
4953
9381
13642
7919
5038
21275
25543
3352
26266
25441
29719
1025
18576
11951
28386
27849
13569
24127
17861
27300
6691
24579
17725
5422
31217
5015
24007
11519
7283
17269
2117
32383
14143
15976
18852
26363
11840
9539
6588
12281
20918
16594
12663
13513
15742
29713
1078
1629
15764
7836
26736
347
23510
871
13212
2671
31498
1967
19794
25830
8995
24112
32173
22393
25280
29337
31475
4966
27126
10557
31352
4550
16975
18187
18623
23322
18450
5568
11491
27943
18629
6235
6965
13060
27377
25553
31527
17265
17189
28675
1129
22890
14909
29933
30545
15100
10468
10272
13440
600
19544
28274
30659
32038
30830
22004
14903
5659
10965
27684
32689
31950
25502
17508
4956
32711
26364
17067
30628
19673
19529
32379
3411
2995
32330
21011
13818
1713
4276
27109
30099
22008
3823
26698
22372
16577
10265
29045
6695
18677
23630
13221
26471
5371
3879
16287
6701
11213
9088
17756
22748
14162
1151
2303
1626
16616
16338
9226
20080
7231
5431
26320
20852
29806
8002
28206
13093
12096
31067
16758
4310
6863
1798
3244
8911
6485
16487
19189
3312
16190
10245
30028
8855
6018
19918
2423
8644
561
859
32057
10619
24912
9590
29130
28522
2019
7897
15236
30924
8011
2105
4575
23181
30418
2435
31647
17583
29061
24678
19276
23788
1602
12305
16355
11421
1553
32318
7627
9690
7351
367
21514
995
16265
9335
441
2750
32383
25405
28597
27170
27529
25789
21144
18324
3110
30287
26856
13264
2354
19500
18830
3946
4351
11054
30345
8885
8104
24535
2019
27876
8610
9877
740
28271
9364
26948
12679
29369
2665
30197
3626
7407
29347
4846
6025
15411
19954
5106
8429
11002
20485
21698
29345
15794
13216
15587
20134
1193
1263
12450
11687
25898
26138
4950
18479
19945
537
16101
16410
2720
8650
5257
32330
31483
5952
2772
6299
12466
29534
23794
21528
14580
14757
16175
5999
5388
1611
15544
24994
9791
23181
8870
6400
4339
838
7224
18004
23319
19903
25696
4188
18878
32457
12418
2940
16909
16393
14456
12724
12632
30612
32729
5840
16520
15804
17531
11486
22208
25897
13878
11493
12096
18731
23531
30676
1673
22094
18885
953
8897
303
3263
10547
15194
8079
28519
25898
1007
22438
31713
25277
24174
6585
24366
24956
30844
22511
4527
19416
22549
28769
26852
4567
7027
32112
30330
7181
28722
91
22661
27335
1457
6673
24330
13705
32443
17987
10944
7867
9831
19646
10519
20383
27708
23800
4474
4230
27545
2024
18385
12612
596
3099
18507
21985
15010
10245
90
31633
3127
26261
14591
18918
14510
6668
30279
1093
18218
30990
28694
12183
25406
4601
2083
16448
8970
2167
24900
25685
30887
20815
31724
15881
21190
24705
31729
8809
12435
32145
31635
12362
11488
12835
4027
21375
17535
1736
24960
2127
23535
536
239
29478
18492
7681
21772
8330
24352
10078
19732
337
21102
15307
14085
30481
23216
22968
24416
1241
29967
14013
24110
30750
14452
20525
13633
7672
1517
27118
9148
22671
6226
28552
21206
10447
14120
27515
16346
100
4293
2262
1906
28642
32693
21253
30246
1347
16221
10219
544
28311
21470
4145
4658
13559
10557
29149
13850
9147
11712
20774
13316
12269
27547
4998
3920
29693
26059
30994
27798
5045
15427
16391
30439
7280
23366
9893
10838
13703
14868
16192
10167
13581
27848
19092
30119
27836
3457
3161
21197
17198
16576
19991
32095
27985
22801
1084
5095
23573
24046
18796
29511
12903
31200
9240
13818
22371
5095
19026
14494
30917
6172
22495
18351
4513
13205
10894
23190
18773
1929
22729
32738
16059
6068
30314
24277
5027
30717
7120
29218
19584
32087
25393
24565
22625
30181
20529
4916
21795
11361
21940
31236
25573
15038
28145
3472
8637
28684
30921
1798
6313
19869
21590
26081
15561
24422
25542
11118
18891
29607
30826
28553
5286
30159
20746
12968
9611
28826
9084
4380
11800
31612
25716
15251
12240
5954
16798
22752
26312
15863
490
13567
19618
10756
16424
24915
18367
6300
13268
10803
23217
2903
31795
1445
26607
19741
8607
24425
24013
15942
16670
26170
24235
11263
5690
15952
14700
14064
22285
15657
17962
3356
5788
4745
31527
31496
8550
704
19975
6175
2108
5675
13629
4693
19794
25085
24004
23819
26519
20031
26895
18226
4162
32022
18242
15540
3757
14149
418
14095
30311
498
2378
8515
2949
16813
24097
13039
16696
3758
8712
1719
1701
7774
27736
28648
22000
26138
29067
21343
14746
23347
21305
1959
15374
29753
11335
97
30070
20345
11611
18665
11219
8900
23954
4662
14669
22642
21366
22530
11463
32167
31274
24875
22711
26069
14056
8026
17461
10114
686
12770
12882
22092
19507
4075
13226
7722
13856
7631
30269
9204
1405
12740
18298
20262
21609
19388
31901
24801
23823
1161
13627
31794
28885
30789
11291
919
28630
12273
2632
28607
21651
20060
28772
914
10213
1094
10815
369
28983
4038
16553
17855
30449
19177
23940
27296
25399
3484
13853
22784
8404
26316
28604
27352
1137
28875
12921
684
5643
17654
24146
15449
3748
21141
5755
6925
24120
7426
5877
22679
19954
9486
2146
14817
4768
416
17944
3258
25445
27551
19060
13017
26797
16658
13680
24095
5990
17286
8568
25117
19566
5552
14970
16086
15431
15444
19261
18630
2834
9830
13555
4643
8379
110
1297
31074
3441
22321
7518
253
4697
19853
8778
21620
8835
27045
9090
7826
28701
15678
12993
5361
23014
28009
23785
23744
19686
23907
14674
11460
28253
185
866
20637
8697
6319
29278
29003
16459
24803
17279
18160
4476
28462
10825
6103
24636
19147
6936
10422
14588
32443
9212
560
10589
11111
18374
12190
5096
23432
3939
23311
27647
8260
17769
27277
28179
14489
4080
675
10264
18431
23715
4636
26166
24649
21271
19212
22466
25293
16731
11541
108
31940
14032
1251
18874
17140
16698
1273
18613
12428
24
23472
3042
3407
561
27260
1395
32500
8560
626
26047
18893
20721
18951
31216
1192
4444
12315
25339
17395
32626
4150
14550
35
12517
27665
28133
15190
21357
24152
1717
10806
16920
10926
31212
25633
1250
3826
19584
24200
28293
14784
15912
14229
19602
2619
6672
5137
24001
32010
32721
5252
645
27297
14496
9630
23524
31426
27845
12245
19590
28995
19792
27216
4108
14353
1543
21764
23715
19061
2978
7709
17112
26006
6715
30367
16302
8768
30720
6733
13549
23523
20523
3786
15294
2271
14900
24062
1397
26622
16708
20411
16046
10050
32750
26272
10395
26594
9242
9278
23708
17295
28481
22650
28176
14075
1760
50
24172
5532
10534
30500
6026
27310
6640
267
24643
27511
23544
28170
32575
24270
2633
24142
12
7646
26103
26864
20078
4648
27660
10776
7158
21703
1989
31848
17366
21240
13567
24984
8436
7129
9964
24157
2621
15217
18186
19856
26940
18161
8278
28300
7915
32313
2749
13016
10953
9886
10963
3846
18476
747
6599
21210
30169
3237
18839
19631
7122
21140
31104
15383
17263
8318
20153
22466
5552
21558
25952
27297
5074
982
28085
19530
15904
22856
10630
14495
7436
18187
24042
19114
24702
31283
3378
7884
2412
11698
3357
24599
20907
17111
19787
17656
17925
17172
25076
16153
18059
12036
9946
25221
24876
16044
3708
18446
14983
30466
29069
28396
30974
14507
29348
24998
26124
11273
18997
8758
14808
11893
3776
8552
17674
9417
19784
17795
27869
22306
1543
17451
11637
14820
24928
21382
5748
18430
12565
30366
30152
21103
4538
26886
9414
26889
16490
28097
11133
16500
30904
1375
11844
14711
28392
20329
22934
28019
14944
6911
16416
25648
17497
27328
24343
22236
3802
28650
15567
9297
26599
16578
21898
23191
23798
20023
19086
31146
674
23746
1914
21373
25763
1168
20953
11582
12798
31971
30456
1500
31097
14006
3061
9671
2642
2720
29721
23543
19760
32250
8551
3119
10586
25412
17269
29315
18983
22981
22651
16408
22710
28786
21674
29995
32222
28689
21439
7252
16488
4254
2263
19212
4988
7662
24709
2926
10586
20370
2338
4922
24139
22526
21860
27679
20438
28395
11570
28986
29750
23289
183
17882
17932
16025
29110
10630
22610
11306
10013
19777
26256
17762
32476
3596
13650
27120
4599
14509
22233
14687
16090
15023
10257
27710
11758
25770
6595
18558
1129
8644
6668
13595
14698
18552
12814
12543
16709
26774
11237
12579
795
14987
21724
10743
19631
5091
12257
18436
14452
1292
11319
7119
14827
1117
13419
15617
17451
19030
10633
10438
16065
17194
7823
24435
15547
14714
26658
1387
10752
7780
21632
2883
25315
4796
8118
8484
27127
5529
30739
31089
12324
31764
9948
7850
8954
5708
12609
24721
30022
9646
1424
7307
21987
2163
2217
25928
2259
15977
6066
19878
5774
10999
21004
23251
1434
14427
16261
25010
21084
16439
9935
21377
6446
23884
10289
15800
9906
2693
28796
308
25189
13111
6209
1172
18295
6311
833
26084
24538
12493
21541
28537
30105
25175
18543
21531
28267
16881
4273
30314
1416
13508
30972
16250
22459
7228
30108
18625
30136
28431
26626
23859
28849
25467
12290
5547
5412
3791
23871
5261
18423
7724
5347
9385
14790
3213
32659
16227
25724
31237
21410
15889
1824
2120
20356
15013
5106
24685
14470
25484
17591
17906
12733
18134
18769
23297
32572
22678
17554
31217
2442
14476
2898
18448
13652
31489
22975
26016
25438
30963
29429
24351
11455
27506
24271
17356
12110
22090
14844
1382
32344
1506
19541
1335
2964
9316
22893
29265
7256
10782
24426
23832
7948
11561
14356
9216
29920
21576
20524
7576
954
28946
26879
9160
9330
1364
6203
25686
16706
14257
31232
6831
14456
31627
18746
5861
22382
28711
21039
13812
444
15115
29524
12105
22700
25003
8293
23429
30447
26181
7092
22654
5262
11274
22978
11910
10019
26238
17164
23281
21064
6177
18471
25553
15440
25679
31759
22788
6965
14437
10429
26225
3538
4133
4599
23438
5458
22876
23148
19494
17129
15041
16128
11865
28098
16929
7269
6628
1336
15801
29419
3234
21320
17636
23705
22611
17222
13302
10620
7581
208
8039
5695
30800
769
564
20732
16622
22502
11138
16466
1899
17462
12164
16568
11057
2877
24480
19472
13415
29466
3533
16256
21107
22826
8000
13181
9149
27332
12871
6696
10934
22055
23413
6110
5146
1968
15871
18954
12914
18257
870
28734
21212
19006
30294
11139
20238
3305
17615
18413
153
2353
11650
17522
31083
7382
7294
3323
9624
13361
31499
6844
14938
3362
14038
28353
5718
9801
17487
6858
30496
11897
8272
19545
10242
2153
5375
3593
3577
13997
17909
13089
13569
17381
18336
8553
17042
31541
17893
27965
29035
1269
32266
31711
31374
15273
4052
8210
3980
19763
27116
25828
18946
31815
21895
31435
13412
5664
25926
31475
20473
28785
19291
29911
15399
927
23278
31247
25329
29997
14527
7272
20158
9848
32524
4666
3420
7076
22709
29942
17476
20182
22430
19967
23072
17315
2645
26043
22922
28361
5365
2281
28951
17949
20810
14389
13460
3269
14901
30217
911
12199
9810
9895
14618
17953
5593
13941
2251
2811
6082
31383
11527
24986
2605
32707
19072
15222
14848
15185
11517
29134
9682
21138
16730
26522
26632
27747
28879
1985
3133
16642
16757
29580
21480
23584
24581
30042
11832
17719
30435
2966
26435
541
30300
8167
21088
10202
12844
16038
29649
28087
30788
25237
28070
30359
1226
10446
13277
17546
30560
249
19406
2720
11689
11714
6855
20731
9993
10635
2035
7976
21933
17245
30080
8368
204
2085
21760
30697
7212
19485
23312
13074
14567
26760
5688
6047
29551
418
27923
14290
720
26839
18352
1675
19765
28467
26679
23905
9646
15386
14032
10481
5936
31801
1216
12150
24798
31932
2773
9627
1926
1729
9989
1421
8303
3853
7506
23635
14674
3582
24561
354
422
5057
8874
27756
6432
27845
15746
7546
10107
27248
8856
19258
8565
9232
27469
19354
24346
17428
16551
27285
26436
13692
8952
9037
5219
17806
21690
28507
30330
3531
27838
8291
5738
14881
21382
30699
32371
32610
12271
29037
11256
22005
1810
29354
20098
19660
4973
22082
30728
2197
5950
1154
8814
17205
11824
3709
11851
24434
25145
32606
16111
25839
1987
22524
6053
30814
9482
26799
24117
9201
26821
32099
26285
1041
29704
4074
27745
11347
31593
29847
23601
22696
866
13576
5130
16084
15350
3395
15280
5153
16279
16133
6842
6996
14664
12118
4062
20192
13823
609
3438
31578
9549
10627
16163
24109
19776
6050
15642
7311
13705
4032
28700
9907
19930
16847
2850
23360
21394
10695
15896
32515
15004
25847
1506
23776
7572
29080
15773
8719
31020
3240
21799
19077
14031
8694
20705
12719
19076
633
30387
7014
26644
21733
19537
18720
4975
29824
19133
28515
4172
12850
27406
8064
29968
11228
28783
31101
25841
11755
4970
14931
13659
21293
29287
31322
658
22243
27503
12289
30618
19735
17206
19138
19796
13616
15705
31317
17641
6851
2532
30244
8555
14508
11287
22784
25786
21086
15978
25874
21413
14199
14286
17428
1362
9624
5686
6081
480
31859
4694
28297
13386
30757
16554
28810
13199
26055
17339
22716
10000
1599
29598
3691
19001
4956
7869
29419
21347
6947
18394
14215
16889
9571
1360
20410
22490
22416
26012
21410
16895
2765
32029
26289
13406
2123
280
30374
32014
24530
5119
26299
21163
3229
9971
31520
25084
23659
5255
6313
24275
19667
22727
11460
7221
21208
2681
20909
28603
16573
31138
741
25656
15899
5964
30176
32668
1584
2695
27389
8217
24698
5806
2748
13444
1924
14059
9004
21501
29185
4861
22946
30930
12823
12601
9392
25249
24317
2511
8789
25533
15560
24399
7794
7635
5762
108
23933
29134
32381
22271
32633
9975
26854
26703
3878
3425
21661
10895
4469
8068
30276
21416
10558
26408
6551
1337
9013
10629
11515
31196
32283
7848
11097
6060
17201
14360
22572
3076
17138
15034
473
21641
2561
12274
15936
22890
8801
29195
21904
31974
29924
22489
20319
17423
24294
17308
22010
31950
20538
6440
25593
1320
1381
24387
28695
6079
12810
4175
2881
16796
12198
24105
9453
25899
1150
27984
27053
28295
22229
19274
28676
7416
8289
9283
10104
1467
13824
31736
15848
13313
30632
28115
28448
2617
15516
14423
29355
18578
20454
6079
31720
23740
4353
13282
97
24303
3286
9562
14423
24623
8938
21989
3490
28110
2773
16395
27832
28210
19958
20994
11275
15065
2405
30670
32152
7065
3113
4268
7868
1837
9643
21425
14922
19693
14443
26543
12508
3037
25842
12888
15206
6889
24840
8870
7185
18031
20262
31354
20806
1790
10798
23427
32520
5470
6490
7009
648
32720
16498
8970
25587
9366
24643
23917
6799
13750
23372
31062
22278
10748
29370
658
18434
16190
20375
5715
3321
29155
11326
14038
19275
3494
12818
578
6538
15256
24431
20692
13592
12644
2529
32313
13816
26071
20628
25147
13534
28320
4876
15520
6024
27476
16406
6223
30545
8629
4351
27061
22020
12083
1283
27751
5358
29619
12552
1033
25143
6544
14221
9326
4210
24287
31965
1280
3186
1016
27528
9059
25951
818
23827
22869
6922
30189
31471
2521
9854
19158
11176
10644
28888
12646
24671
9847
11352
24236
22138
29342
17335
3917
8602
13944
21435
27337
4557
28201
25354
11263
18950
30252
19516
13044
6858
19261
3635
25552
29995
374
30383
30505
2554
14008
23325
8068
26937
1100
21424
10265
13775
13258
11443
28887
16767
15162
542
27560
9499
17530
14695
32502
10485
17376
19866
29038
4503
25119
8620
17156
9396
15727
19725
5943
31326
17896
5756
5270
28280
14639
4383
23939
18031
341
4051
1591
24357
31484
25281
11270
30510
26300
4914
4580
26943
2501
4516
26153
27363
16837
2588
5521
9072
4108
21183
20359
12090
24558
10396
8099
25350
3176
11981
16497
25538
26887
25534
2932
26227
20998
204
10858
11374
1974
30738
28114
4043
22819
1151
27820
13335
25077
44
20864
12105
24468
29933
30881
16119
24976
6951
17331
24010
22847
15073
18027
19760
19624
8989
12438
26448
12447
11112
6493
19779
11826
29616
4039
17793
22340
22102
5247
24217
3704
16516
24792
10790
9809
25793
7950
9214
31639
31682
30671
6572
3836
1923
6393
9761
25087
19607
6566
5542
6929
30141
24422
17941
13558
5555
26827
22345
15727
31567
8491
16339
26390
3019
8609
6638
29321
5985
853
15542
13002
23575
9981
30100
12518
10973
5540
30205
13013
25301
24234
18780
10658
14066
5901
26444
19148
29124
24038
13835
22763
11154
2615
4395
24470
9898
26083
10379
26245
17909
6654
19334
24563
20942
12359
29802
22086
32532
19955
10284
7410
27774
2989
32346
2203
2607
3802
25936
29306
8075
18465
30383
2817
25416
31531
28683
16322
22984
29607
9188
14477
28070
2962
30424
12248
30351
26293
15638
10852
8787
1903
3094
21022
29755
8372
21640
30788
20126
18774
22666
712
15023
29827
21021
18681
25241
21392
24026
9056
29134
1268
32225
13032
20379
13464
18707
9027
26625
4430
6785
27784
30400
15262
21795
22561
2228
4553
4046
19684
10084
32008
15712
9856
25305
9237
9534
7195
11692
9964
16384
31289
16227
18387
19562
13280
28926
9624
12446
3834
18380
27418
31633
28666
8835
6154
6844
2242
15504
18163
6164
28356
31660
5240
29755
23656
15280
3038
28920
8622
3242
15562
24549
2069
5936
24139
18791
11707
6900
8986
32739
7109
15257
8993
29487
7169
4037
32315
22599
4554
9848
7227
31042
23085
30364
11823
16772
30538
27869
21734
23092
2812
3002
4271
27377
25788
20956
24164
21184
9922
23207
9639
27977
18030
27920
23660
14404
27623
27822
952
27950
29954
24851
24999
25408
8037
1884
7348
19873
7660
8711
7221
10715
7499
31493
21029
29324
31733
19472
21030
27230
14653
319
22982
4920
24507
2520
11778
9654
28402
11109
29193
7383
2095
2826
23362
10742
25268
24853
26255
9468
19222
2775
29396
19667
12772
28339
25779
27678
3465
26228
14234
13863
4980
9187
8192
28696
3190
17306
8939
14959
18539
531
18102
3756
29980
18180
16657
17740
23652
31471
17993
14331
19858
23284
24010
21510
13839
16107
24546
12559
11585
1455
199
4
30638
7100
3292
26194
17765
20477
14896
6485
12186
27359
13127
19987
14736
15274
16158
20779
22716
4113
10857
23304
18471
18952
22047
29786
11028
2005
3896
32455
17123
4714
5046
13789
15413
1522
26850
15436
22353
26794
26328
2386
28614
9202
7493
19062
10066
5028
30064
3449
14339
8100
13687
18058
12700
5048
18651
1721
9786
10650
29247
30382
2615
31052
19053
27035
19279
17324
12442
7279
25345
19272
4075
30029
26680
12147
7736
22332
25643
32153
30735
24096
28290
27855
15868
5865
21690
30638
5895
2058
20682
18530
15487
7724
4871
11006
29430
20772
9029
31250
5261
5411
23871
14720
4210
27693
3129
21387
934
11213
27107
11313
20228
19206
1153
32443
20095
19596
20553
14738
5547
6453
26636
19540
21887
24234
16665
7207
20313
18018
22111
4686
31042
6353
3793
30970
14195
8412
25359
6754
20249
25489
1602
22037
30294
21
5703
8335
9608
19421
5905
8459
3533
32545
15688
24985
22727
1422
19510
17776
5532
18236
2788
14725
30529
32223
5248
21341
18425
27201
2050
21023
13848
32240
23312
13805
24077
19763
21534
24948
13727
23875
28633
31170
15479
8888
13766
30808
5599
17474
16422
9089
28617
30105
31518
24802
23315
32439
24340
5713
30985
17220
10844
3307
8748
24146
24084
2656
27186
9802
588
5266
9549
11558
30059
4959
21168
4321
19149
17594
4176
12332
31921
14081
31719
5987
30035
15754
9535
14783
13141
4992
30125
19149
3427
8429
12507
19487
22807
5655
29387
9025
31002
20752
20249
19438
5773
16777
30081
31364
2471
16103
32672
17078
13727
1177
19455
5761
23500
18600
2637
12641
10763
8335
23788
17348
2145
10318
13232
29375
27105
8122
17379
0
9424
29207
16780
11780
5640
23528
15856
13450
5018
8966
20314
22855
29367
5360
26136
219
9425
16226
29382
19460
12285
5929
16847
5393
1692
309
12336
24986
570
29168
7551
7279
1462
5838
16172
11214
2723
15909
14600
14297
7663
28992
7939
13638
4034
29871
17466
2137
23209
8928
31537
21519
1524
21748
11100
18845
1885
19915
24549
3096
26602
23393
13225
31862
12308
8798
16004
437
24360
18408
26574
8538
29166
28092
16933
31773
15497
13437
21613
739
7070
14411
29718
30700
16568
15256
5277
4174
7659
29751
12374
18850
13496
11958
11880
18429
19505
15342
27161
20514
21085
23768
16204
12789
27870
8355
16455
14131
31953
26883
30906
27233
6646
2251
25085
18946
18705
12478
27802
15373
29072
7842
17163
21918
22125
17047
10693
19180
5718
20135
8309
7035
30476
25758
10377
20115
9
22044
21746
21488
10341
10984
1832
23739
7162
24967
32111
16569
23495
7694
5722
17347
15762
15156
28045
20342
3793
29099
13766
29995
24267
2481
29727
19497
13307
19170
141
26
12469
7760
28589
9148
27404
5845
18880
7129
31730
21416
13043
13945
2465
28975
26853
16982
20794
31764
14691
14992
29612
6811
22134
23202
2520
24627
11167
11925
17395
32587
6241
29556
6187
19814
13312
23551
17549
19826
32393
3491
10278
13397
8978
27050
14184
7114
12099
30384
4048
22379
25621
32342
28358
8206
986
13114
4037
2389
16766
29478
13755
30081
13580
31111
25523
31623
31091
5665
2225
29542
22411
15362
8925
7351
8787
31924
7652
4998
10365
17335
28828
1888
24364
26158
15847
26797
10748
23257
31961
65
25667
11843
27677
9517
3990
1853
21652
1243
19343
20362
24384
12634
31438
21724
609
27126
14654
30208
18909
21004
1945
12373
32485
2588
20527
8578
29398
24352
10467
20840
29021
1052
30326
22614
7647
2551
21768
13692
16408
2441
27099
27043
17410
13301
603
10779
28920
15673
9307
16372
7195
21763
29602
26481
23029
8647
4262
17337
29532
29198
21655
15056
8601
6161
3743
19910
21962
9094
9833
16686
3973
28090
18400
10706
1726
11232
31801
12709
11499
31656
21555
10489
18789
7700
1949
14322
13586
21640
11801
17467
31041
5152
29985
24311
21973
837
30535
20219
29350
30083
6337
2874
16420
22933
3364
14720
19262
19906
27248
1380
2178
20077
27981
25464
23173
13031
21140
5314
22405
27783
27153
32368
4685
15357
18056
10695
27225
20707
12021
93
10043
1941
13592
6280
25405
14659
5425
9750
2376
21060
17161
25406
27140
8877
18481
1495
11329
7459
22414
5320
7318
30701
14870
12736
8263
25677
30932
11047
20332
20497
26674
27220
31312
25957
30839
4608
7704
15595
28559
24826
3237
30222
28683
11549
19387
10643
29032
2688
28514
27248
3476
29420
29580
18658
18350
403
22777
3002
12301
5886
2392
5111
2437
31048
18095
7834
21477
17546
10748
22710
24516
16278
29981
31175
20350
26856
15341
22596
10617
20441
10416
11384
24493
3606
24497
30093
28771
30033
17961
13546
1084
17718
12387
29631
11638
32161
15134
18141
11371
8462
21555
17612
23898
31569
13943
8727
13162
16519
23779
26603
25836
6220
12530
30944
11489
26926
30795
22551
17852
30818
17824
26245
361
12726
28886
2702
8845
11207
23142
30166
23312
15476
32259
32084
5081
12690
6269
14248
25048
481
25829
21934
19530
2623
13554
26963
18488
11036
26787
3751
3393
23086
2342
11060
10138
31846
2809
14223
27475
7202
31567
18220
11484
20388
7349
17014
25287
25539
14069
1823
5327
7904
7738
25269
15386
12316
13686
7031
30907
7880
28673
31590
16507
19998
5763
4511
27353
26926
21267
7655
15951
19226
18592
23176
25303
14214
14736
6236
23982
30539
424
24871
31320
11627
26412
5161
17636
30794
1863
12532
31089
13083
25004
17532
3313
27544
18302
11373
13101
24566
12654
9409
1546
6424
16675
21393
12810
29955
29150
18219
19477
13714
15454
6758
13434
26474
12801
13106
11057
13617
21293
20339
31075
31483
9454
21520
21547
11781
18912
4678
23711
27814
8784
30531
24842
19074
14238
23024
17276
11521
30437
23310
10629
19456
32478
2948
22845
10950
1282
19703
26503
7481
5615
8348
7063
11601
13581
22602
11186
29902
8049
24020
14133
16166
13826
1173
8665
1986
21210
6476
13365
10345
3567
9259
9605
19453
13554
4394
29353
31077
31351
12961
9841
19146
8279
21014
30487
9478
8530
17235
23821
857
7673
11708
1785
11102
4300
32736
20223
23870
3487
16718
5438
21540
4162
13994
9117
10993
7776
3072
32455
31024
16552
31063
18548
15436
5931
5514
5867
24832
3333
19283
26052
272
28480
9385
1011
10551
27381
24652
8962
15200
14004
1438
27550
16665
27430
27316
15189
16964
20209
24749
28574
29711
6620
31298
25114
21543
29492
8351
31257
1065
12142
27249
30560
31066
4365
26945
23082
21655
4295
24832
3180
30351
28899
7651
12381
9263
8165
23665
14390
20318
11885
30682
11062
22507
23645
21130
15338
22723
314
11518
5035
21864
21461
24278
30568
23454
21802
9772
10662
28008
25224
293
11716
18226
13042
17861
20612
22096
17350
27656
6599
29607
30876
15918
2968
13994
29297
25430
21100
29833
25093
30798
19112
16292
22913
10922
32612
31558
24925
2579
1647
22416
21633
994
23955
18867
18346
15598
11546
21603
16
15777
5008
13448
15686
9298
24267
17974
23137
20942
22057
13791
2652
17464
31257
20935
13243
5140
23773
4025
12143
18334
30862
6905
28410
28768
9824
32377
19923
18179
6951
16207
4620
14694
3354
31591
24626
7917
26327
24693
9845
1820
11176
3886
17160
22116
28933
16056
27083
9532
4442
13407
3368
5492
31754
25481
20026
4550
18099
18924
14389
11183
25524
23550
19202
2941
8684
5549
6441
9896
22981
849
31988
12389
27505
22239
10450
30841
29300
23903
5881
11339
21091
26784
7247
11838
235
298
8843
30525
12564
29812
19863
13976
17351
4951
4153
9230
8591
13507
29683
14379
24988
20657
6184
16084
25101
18264
11391
30752
13679
10404
27277
15209
2432
4068
21166
20643
27449
26563
12339
29677
3084
10873
10435
14182
27755
29250
23291
14146
3977
28175
20568
21533
7268
3708
18007
26510
4099
32515
4826
9984
25852
16239
10190
10429
21562
29075
31243
16204
4861
12091
20347
7933
12834
31843
14463
450
677
10663
14478
15680
9060
15099
25120
32550
7206
9884
27082
9150
10715
71
29866
23234
8230
25768
9733
3696
1048
14613
12335
16608
17471
4988
27819
21398
12767
24218
16276
27988
8063
3694
19003
29233
18599
30958
12562
16879
26345
9976
30921
12426
6174
12683
16054
27917
31218
32567
20602
19113
7843
30162
26338
8200
16133
29805
2059
12511
19914
10630
21706
21955
20480
6528
17738
22077
7899
26960
6391
10528
30389
16760
32155
3866
30547
23865
12743
15242
31082
6660
9845
32657
23905
6963
25579
11116
14169
22006
13795
6657
31851
6544
25320
6839
5424
26563
29443
11659
31111
12680
18839
17761
14738
19460
5770
1175
6146
12728
25253
10208
6549
25592
15166
4944
11740
158
16660
13747
21826
24575
7802
13859
26698
20254
10424
8154
25624
14880
12462
68
24627
23296
18106
11096
4489
16516
30172
6697
32436
16752
14872
6072
18811
12281
13852
12301
12700
24956
27683
5510
13513
24176
32281
28782
28656
20122
14592
19665
9663
30079
28562
6799
3688
21279
26664
29616
21665
15584
25050
7415
25583
713
29928
29882
27685
29936
21081
17393
15911
23862
9953
9612
26100
16689
9480
30730
9700
106
31369
3399
14126
8905
13560
3221
29612
27469
22952
15119
19683
768
13516
7722
13374
20523
9180
11405
22682
19910
24379
291
23815
30514
1814
17518
27853
7211
30607
16414
20654
12536
10267
20706
26987
28388
6696
10878
13194
22770
6916
8734
14421
30925
23802
29417
4134
26622
11198
12506
23010
31073
16395
24011
19396
5850
30346
21715
16732
10052
28150
32722
27351
4266
20606
2890
384
10938
19562
3185
9607
13686
2
19844
18689
10285
23723
13405
19505
27818
17748
30536
12038
23211
27664
5139
31716
1941
13060
15716
20392
15973
5252
12879
8934
13290
22137
13352
14452
19250
3334
3734
21805
32322
12395
26089
9455
16137
18985
16302
28902
25751
32103
31104
2829
30859
28308
8737
4849
30922
20046
26825
30649
24951
2946
5821
23395
4895
28885
18212
15184
26931
12611
20758
515
5308
10246
6135
26150
3914
20410
13827
15053
14893
13502
13609
5375
32232
26333
18973
27251
32227
11822
17833
3479
13408
1848
12356
10966
2736
10842
17381
11035
16807
8811
14361
8081
15949
13981
5204
6830
3798
11175
31876
6767
15317
8227
11244
26597
14764
2100
4656
4080
3655
3181
18092
22859
32522
20462
17930
23496
23303
25040
11796
7389
13685
24004
27590
21856
9309
32758
4008
17551
22423
12344
15451
13395
7157
18524
25457
4806
7870
6625
17538
17650
1374
30419
25211
5852
11611
16876
25402
27841
10379
18943
3416
6559
18821
29847
22598
32503
21589
31707
17052
22993
10100
17332
25261
24834
28919
2610
25951
6314
17414
30508
28474
32512
8848
20263
5054
30290
20285
19833
22266
4167
31652
27055
27994
7784
9919
3115
11713
11230
16283
30226
27095
17533
24660
24677
8357
11522
13633
5741
16223
28825
25708
3933
25728
26531
2373
19251
22812
7093
6295
30431
13426
11492
16570
7079
24002
7232
6667
24010
24670
8094
15257
3683
17922
25243
2081
5265
27496
22749
18237
29141
792
1436
24280
26043
14974
23649
16613
29885
13630
7950
24912
22116
21196
23839
18485
3760
29239
30767
5201
14010
10309
20926
438
14488
7109
1585
18626
641
31777
22810
26961
30001
17971
14010
13874
4495
19289
28357
13528
10638
11980
3172
9554
6225
19757
28544
18046
17810
16993
2878
10873
30788
415
28102
12121
15479
13255
30025
28703
24701
20470
22082
16871
19787
8791
22268
4450
15905
13628
25684
13446
7022
20589
25536
1156
31982
703
26256
21499
5909
27113
8820
5483
6064
11412
21311
17900
13770
23217
27114
28704
30924
10255
11484
23398
31465
13613
11624
15184
10937
23117
13976
29528
20516
10441
6441
17102
22658
5802
30934
27925
11776
2167
32474
12815
7750
11595
5552
10966
5207
24874
4637
24237
10680
2453
28016
9270
21204
8284
29961
8933
10911
24756
4888
2228
8570
19081
5287
18456
4951
28694
4315
29236
2333
16818
21878
333
10574
19437
31905
10111
7143
7131
4073
30126
25991
15792
23687
28351
32212
2445
23780
23303
9498
12954
23388
28675
15670
19541
12866
8266
10675
14890
19749
10177
31538
15683
20306
10254
27151
5281
922
26959
25665
25452
31062
4875
12930
20871
29352
29032
30897
6760
2051
6815
5492
32295
9453
2222
9505
18644
16899
31565
11231
25614
62
13858
11016
9937
2422
28472
9682
22416
23076
430
22831
5252
22636
14508
10993
5699
23643
18075
5170
148
3437
15510
2803
13698
14674
5659
12035
24239
2033
11527
15907
8427
12462
10689
4967
11781
5352
17333
13791
10465
25542
26116
14967
4043
11060
3193
32028
8459
31272
27840
29984
28090
30762
16338
10464
3796
5651
16308
1188
12430
15381
11617
6342
26601
6395
29445
791
1671
30386
13931
1918
24765
14345
28601
7138
14827
25525
22619
27466
19208
24728
17981
5187
6017
18243
18237
9859
1092
27833
4320
9163
25879
2677
6211
2066
29743
10159
26197
7391
26622
10204
31812
7159
6988
8820
23605
25912
31625
26615
2616
19397
12642
22578
6523
15971
14226
28095
6590
20259
21499
8907
30982
24130
9973
4891
11670
27725
17638
32593
15387
22408
3603
5484
28199
2193
14517
8847
19680
21057
16720
4611
13306
2259
13632
23934
4322
5192
2964
21158
8764
521
32
20945
19344
22991
9422
27151
20800
14784
7477
30314
4286
32219
14445
8300
2299
30357
23841
27618
18211
29380
31717
12256
2951
8381
31690
8453
15067
2745
21808
20736
28577
12926
20188
18259
16357
4155
4427
5975
2859
30899
1093
6017
25766
11933
10933
7651
28074
9035
28855
26102
13412
10891
8179
918
27337
9675
28202
1870
2508
27264
23054
14294
13524
26568
19031
1242
29037
20301
8979
5885
1853
17773
17725
8478
7227
23705
11410
22234
24859
24571
8096
11346
25100
12636
9760
17198
20390
15940
14725
10466
21534
20579
25557
18991
18621
15663
16568
16365
24464
14543
5327
22793
5472
20536
28486
1482
32740
20118
2477
2136
19510
4589
23043
3710
388
4864
2836
6319
23560
9330
20230
21063
21562
11563
16430
16148
9796
25085
17448
25109
28086
17031
9510
16769
10619
23898
21896
27659
15372
8027
4525
25445
15331
12905
21513
4099
10291
12095
20344
8737
21974
9883
25554
1031
10374
17824
16576
16780
27729
6520
10958
2265
25415
13887
5825
10351
23414
17692
3882
11884
24856
15793
6203
3337
24842
20150
1498
26728
20352
14816
30708
29069
9976
9992
28948
29354
21356
12937
15156
28831
24012
15082
3795
1473
27563
12733
12359
23002
26425
29638
30549
23410
25457
27744
29951
7757
4243
2077
11165
821
21717
15021
3375
3322
23893
7169
13298
1718
15187
24751
2353
24405
24989
12697
20062
24149
5706
9930
15457
5579
11435
27040
11568
13735
7039
16944
928
9272
17254
5094
17787
32755
31129
3436
7122
28272
10967
4045
11668
23733
10915
4315
2144
5303
684
31950
2968
19486
22157
23341
2487
4169
12214
15090
5092
13202
17834
10729
9159
8147
5740
15193
6043
12841
25395
25062
13444
1015
25957
8374
8995
17710
20419
22483
6760
3020
28641
12240
11432
15523
986
26800
27376
29020
6209
4099
21144
32699
603
25170
14619
1573
19083
23485
10790
8543
6925
15331
27630
12184
1767
258
7623
17578
15645
7775
9459
13213
31781
29161
23479
20844
22938
15641
14004
21772
12853
9500
21621
30891
22008
32308
11077
16438
17580
26204
18755
2333
3726
29483
23224
18266
11590
30458
27303
5040
26904
8521
4518
28464
7774
32351
1773
24578
30518
6705
18349
19298
28024
19077
18595
12521
10475
25687
26092
11022
3512
24700
1307
22764
3870
13189
7561
5446
6760
23782
6892
7880
11804
29016
20011
5519
29046
9339
24689
29164
24596
5568
31873
22629
24051
25734
8777
28413
18330
20355
22713
6070
21141
25446
12757
13395
21029
31930
21769
22370
13366
8462
957
1658
19089
29523
19498
29122
13395
18309
24172
17586
31646
6542
14296
29726
15246
27495
6287
11632
25199
20096
30547
19253
25645
7266
26522
29403
28939
8851
9697
16312
1176
17849
15939
8015
24800
24579
330
17103
18911
24261
15109
18909
5435
25442
24667
2707
25138
27503
9886
6857
3536
17429
14692
32403
14182
19639
658
8202
26937
19669
14521
29776
14711
24881
10150
29134
30575
17456
26420
15296
14592
30082
29797
9972
23634
1285
24753
31694
20933
1255
2974
6544
16935
26380
6801
24280
25898
18863
8932
31595
7189
30539
14904
3888
9401
7612
24845
14976
30887
161
31632
925
11424
11014
19635
13695
25677
25664
10115
7127
11824
27671
19127
16462
23515
16939
6788
3341
10848
31888
11449
30851
20232
29116
23303
7778
15432
14755
20384
27115
13040
18976
16389
13676
29606
12951
18968
775
9363
15065
10105
12980
16220
26951
11023
22921
6996
13371
15589
7738
26608
25251
18488
16092
11131
24559
20430
9198
6666
1838
7305
9369
22707
10611
14907
24631
250
21374
14012
20755
30860
5784
22330
31855
28976
22719
14289
25548
9466
28675
2395
7013
8897
3376
24970
10749
16084
14765
20788
5594
31721
27812
13549
17170
86
31587
29659
1797
27524
26883
8390
5419
8096
22855
12655
10512
21395
10950
16419
4508
309
31821
2959
408
957
8575
10454
18798
31357
19134
7137
24112
17356
25679
18935
20956
9283
28856
31373
8415
28204
25197
23135
30935
15671
14508
13503
23709
6767
25510
22317
18819
7277
13279
21289
16858
22475
22743
4677
24760
13276
13034
28798
23288
30618
31861
20684
4481
8928
3642
24568
6348
26586
17158
31150
22944
22713
16017
25555
12064
7595
7077
21528
9736
18186
17794
29648
16692
4051
130
22015
26466
9307
26105
5043
24120
16701
22367
663
30345
16023
11441
14789
19924
23414
8724
22748
18701
23950
18620
17746
11424
22831
32524
21004
30132
13684
13310
1324
22700
16574
31174
28715
2292
26976
11186
20007
11770
28316
11093
23678
10618
7631
30948
8603
4863
28648
10976
5648
3239
6942
2293
25573
21798
27875
20003
12336
15117
19
22043
8934
21837
9074
14828
8433
9462
1109
8158
27779
1093
29087
17054
8105
1758
19183
29596
13603
12118
28696
7346
4979
7668
17618
1286
20020
7353
7343
23857
4525
11421
9040
22177
27814
30748
5336
19003
27770
20209
23201
12869
16238
3874
24622
31620
20801
7996
13409
29089
5637
24032
19182
19154
30509
10878
29200
5814
5862
27489
20603
5248
23979
13548
32657
13399
1555
30243
5592
18429
6894
20077
13740
9903
7057
28823
29745
18509
14958
14109
11404
7099
27112
19877
4947
7303
11109
5069
7745
27596
21668
7462
5167
28758
16209
29312
22847
16902
5846
30825
19291
25720
14453
7920
17118
5348
22931
16047
2960
12098
26711
18184
27096
28338
23156
8622
45
3354
24131
28519
10446
1553
8725
529
6067
252
9671
14307
22723
9846
19095
7158
32327
25846
5429
28676
5023
26795
22046
879
10291
19115
11301
31621
1709
15181
5458
28930
27750
11219
496
1750
21789
15181
7650
24105
12015
27322
17462
2973
2691
23663
20733
29139
7046
8893
17753
9520
7511
25038
29143
15585
28675
18640
6911
13596
371
9813
19498
18089
22244
7162
19604
22434
19096
13639
27314
26999
20939
26071
4550
10292
24297
12985
23984
32519
13310
2837
8455
22013
14702
5139
4456
23820
11494
27640
3598
2134
15506
10387
13475
8620
25233
5335
14422
4945
5286
29129
12078
20481
7216
16029
18846
31794
10844
19483
10329
15514
31897
8008
17511
19953
9548
26435
7545
18936
19653
2669
8826
15802
32370
3788
2150
29970
22099
25010
863
8045
8878
17049
5630
12753
19972
21842
27367
10783
9539
8031
27808
6037
20029
29853
4003
3222
601
5926
689
23982
24969
3701
14698
20945
29052
31179
1307
10211
7444
25042
12247
5502
18458
19840
19913
8943
19249
7743
14536
2177
27656
30539
27180
28927
9684
13403
9952
17780
22014
13187
12729
26165
8472
30297
30726
29985
9238
24151
27753
5416
17851
2176
997
17162
15441
3142
2359
11105
7069
8620
14954
8674
32530
29352
25766
7648
9285
7115
29257
24593
2465
8227
7992
9621
25948
21601
18296
3124
2217
1335
1016
3048
816
23812
2481
10651
6843
19635
32497
18225
27442
31712
15092
13513
17097
1085
9141
26432
3704
31797
7683
30711
27308
5327
17367
20951
11324
20180
21733
12178
30110
2868
5489
20267
11355
31398
3940
32440
25280
12431
27039
26215
2518
23845
18831
13247
32661
29396
29442
2600
19797
15073
6713
23726
10885
7501
7230
5378
6047
8188
4472
11201
9563
24854
28284
5625
15396
4270
10022
11242
30664
11681
2025
27913
27507
2497
14691
17739
25054
22835
8756
14239
28100
20758
6929
4540
24214
6501
10516
3358
28015
5663
12886
331
13898
19365
24768
2907
20851
25187
10014
20151
8507
3506
7285
13089
10224
23037
8599
17397
31244
9763
1268
5294
8365
19485
6323
20139
69
15585
28418
19508
6035
4998
12458
25784
10962
25512
16870
20056
12080
18190
10613
14506
2689
28298
28142
1206
31541
14881
23892
15941
15495
7276
29418
14940
15096
19774
20296
32515
27900
3976
30383
22602
9203
3705
18842
16014
26970
5609
27541
29177
15427
10743
3154
28488
17154
16881
18170
8657
17706
10869
3009
30404
440
21206
18365
13745
13709
2497
16120
16970
26146
27937
19652
11115
17527
4415
32334
11095
15436
9006
15222
32069
916
2662
29150
11291
15911
19887
30273
15993
2487
16193
4103
25593
1541
13353
25366
1973
11604
19182
11242
27658
4382
1397
488
13212
20231
14882
5103
31642
21007
8256
4913
27460
13323
31651
16449
23722
21334
11147
20076
694
28868
8396
4429
12396
27095
32556
10396
9585
25398
28173
7751
970
30554
23628
10948
21223
15755
15208
5029
13280
15627
30183
22637
11006
8337
9461
8610
8829
15864
18767
9763
2704
17977
2911
31420
15014
12695
18088
32760
30700
15385
25701
25142
17683
1597
18797
24575
24403
11755
23386
19095
3248
29608
24810
29906
8060
16396
16806
1065
21277
7542
26817
22541
26128
31230
20290
31612
5422
17835
29030
21713
23598
16615
13119
2016
8044
3887
30882
15938
8936
25103
29760
18926
29330
20558
29203
22025
8133
11622
8444
6656
30737
30006
8106
17107
6461
8187
20669
1716
1676
29309
14891
5840
9024
7814
29667
25453
13917
18328
27057
26165
23471
16351
29794
26321
1550
4453
3624
28090
30433
10117
9792
22860
20193
11426
22481
18717
7200
28697
2072
21388
2377
26739
12226
14749
4649
9696
21401
3332
24942
18657
28771
31871
15279
20804
24071
14953
7085
22869
28146
12685
25561
4435
18617
31800
18710
3873
20224
20882
23231
17982
410
23853
19436
15351
13554
13535
25073
19419
5033
24781
11304
4208
13440
10697
26865
17444
18297
8670
15350
11910
7737
6952
6580
29110
5041
233
3127
19482
5885
18138
13604
8787
23948
25279
12541
25968
130
1086
16289
10593
2394
32497
22034
32686
12752
6842
32123
27241
23294
15959
9074
31585
32709
10294
16250
29592
9838
10634
29132
30455
5521
6046
32599
10305
20534
26473
20229
16710
7483
10084
19520
31577
7670
19352
21173
23555
14362
32763
1879
14841
22239
29948
17063
3660
18269
23133
28723
26080
13369
31809
1885
1823
1156
13958
350
8174
8672
12884
28811
4064
27109
8694
7382
8874
20163
28393
18839
20184
27432
3635
2189
19646
3428
28406
15903
6576
32203
14149
15080
15222
1114
17206
3699
22522
29086
6713
30531
30020
11986
20136
5143
30120
6472
31647
14956
9278
11530
21773
5698
26003
17088
32267
30499
24734
25812
6509
28258
13302
32725
18583
8865
2882
29209
3219
31893
10480
16039
15712
4366
14378
26451
2956
27697
31493
12843
16389
8712
10492
24082
11820
18494
4510
2731
3115
15651
22403
22393
9608
24566
22404
32324
7163
7780
4139
27838
10877
31564
7529
8550
7842
29381
7303
20397
31784
24418
3167
3927
32464
17589
32204
6949
28268
8977
10335
25265
31034
14484
14164
29593
2160
21349
25284
32223
17176
6459
10524
30608
13086
26655
15565
9124
16552
13426
31301
38
30629
2097
31263
24469
19369
1912
5014
12681
19960
7749
25408
16025
2529
15231
10745
23421
31565
15671
6172
22384
21399
29229
22778
10712
158
21654
29316
9001
10777
25116
19787
9479
6443
13607
30891
9643
15928
17243
32578
647
18678
25954
24487
26157
1735
3051
32089
17773
31558
17906
7670
14269
26399
31810
18094
11999
12581
1593
3574
20925
26014
31692
13697
32408
16353
26826
8300
14433
29220
17765
31161
871
8079
22510
7934
30003
15509
25568
9054
31664
18819
18976
32441
8080
7001
32387
15648
17898
9946
30353
17036
13608
479
30089
30415
24864
3824
22949
28106
17025
1813
20126
24545
15729
21994
2419
1708
23412
31730
29031
12783
23696
27437
23112
10445
25519
4589
13303
11064
16964
2021
21285
10156
10033
4483
14171
31005
13545
28032
29245
16686
17105
8373
5135
12963
19949
13360
16760
24601
23736
6535
22150
25332
23123
10604
15091
28314
11490
28802
19367
9183
2868
15983
32125
14527
21922
11059
7498
18515
30265
1720
20764
24318
3099
26281
16063
5864
26146
18056
31622
22701
4295
28155
10567
5206
31554
4455
25768
1672
30707
24768
26777
24059
7169
30880
2850
21806
16961
27030
30559
5209
13657
18880
18633
28580
17701
1180
27574
21910
19289
23835
26404
464
25448
22007
29618
18427
22949
29767
1007
2815
5544
4177
8663
13429
1012
10399
17819
16480
17111
27477
2465
12567
5777
27073
24524
32646
26808
10804
11261
23446
22234
3088
26586
20714
5221
12835
13262
9164
9156
26419
31056
31335
10955
12506
617
9782
26197
1173
10864
8636
299
21271
3097
5750
21032
24035
20654
32526
17819
2841
1179
14801
30189
11152
5424
8035
14212
26406
23459
29105
7142
17236
22868
14120
12322
30726
2389
22053
31340
1705
27434
1196
31495
18309
10957
24668
13416
24909
2550
17058
32408
24308
28312
9518
10714
22467
15023
10915
13454
23977
20793
8083
6229
9682
27778
1962
29302
8058
10661
2857
2944
27908
27984
22678
561
29510
1479
20146
7575
29480
11820
684
2677
24941
22269
30356
2024
28880
22494
5138
18250
595
28313
16216
855
28628
12131
5717
4750
25825
19041
12332
30938
14797
19050
28900
15474
1283
12559
17761
510
22171
5080
23443
13307
21035
7889
10989
14688
6880
8261
24857
32642
17869
458
1770
23349
18050
21117
29074
1332
2529
18063
21525
13763
13101
20481
1277
9106
12132
13483
19536
27109
4815
17795
19903
6642
29911
6940
25376
31626
15898
31597
31518
16636
7358
19668
20527
12855
4869
14939
3015
4910
21538
27961
10700
18817
25420
32668
12361
1369
10512
3237
3942
29075
29419
436
15768
12066
4376
5351
25621
8110
1703
1245
12171
17281
32719
1472
6417
11940
645
32642
15198
22853
3405
358
2104
20316
6225
3779
29232
911
11440
10501
24205
18770
1560
15092
29574
14930
29335
18745
5812
2836
25774
3101
12230
4825
27560
22165
887
2758
1577
28284
15037
18497
778
14879
27203
30366
25700
26366
11802
5115
30955
28113
11692
13672
8062
6090
7153
22092
26876
26906
2021
14084
3160
5302
4409
3788
24816
23899
21832
5347
21274
1999
10318
9450
1792
17003
28372
653
7599
9686
11119
102
20586
13075
5290
3614
22084
29374
18241
29142
18414
6546
26768
12485
30157
22063
19786
27426
25679
11290
30830
12100
25216
6
1655
2056
28376
14674
22740
19059
24151
7378
5527
26264
31189
17618
20337
16316
1427
23128
27102
20409
26389
29610
3485
6560
23860
15376
16739
12194
32367
18651
31440
20529
29058
16294
15266
24162
5178
12764
3881
14742
1159
20859
31739
14425
16339
25367
15848
19082
19602
4385
23600
1725
8730
1129
28660
9949
17077
26082
12011
14358
15349
11685
3670
497
328
25401
4662
26817
21708
13074
7356
20287
12901
32087
20993
15217
28940
16873
25591
17104
3690
3488
23200
425
22693
19672
11389
8644
27258
10028
15178
13380
11660
18561
2280
25294
22267
15175
14491
15341
4665
14331
12405
7861
19993
3568
28434
2471
24617
2384
27014
20693
29250
31325
1428
32583
28253
16893
1057
26524
23720
1910
28647
10228
26586
31606
25710
9486
31683
19542
16696
16558
12839
12191
7484
20290
460
9422
3735
4292
25554
21844
6781
12514
25411
13793
24949
4701
19179
19682
23494
27055
25962
16969
14892
27376
903
7308
16080
3834
15559
20208
8823
13260
7743
32007
23034
7212
15270
6007
20470
4753
22190
13822
26308
13119
4244
21171
22188
8628
23030
19087
15445
11587
5350
18219
27520
10495
7484
30155
23030
31450
11056
12188
14015
9742
17448
30522
405
21692
11726
28533
13977
9427
5990
12117
25156
15412
27999
5980
12703
26644
2855
3082
21175
19361
16196
14759
14667
25064
21921
17724
7113
22262
7205
3811
15481
31805
5514
26944
21239
23610
20077
27216
10726
12629
2209
14689
17635
17417
12489
32354
8888
29764
21030
22109
28626
29201
31917
28994
15606
26996
20829
15590
3631
9621
10447
16715
22027
28449
2063
4642
12550
10734
22442
31118
30023
30174
4360
16427
27274
22277
22012
13903
15966
10510
9882
25232
2192
25050
10569
31110
29671
26475
14617
722
24337
32001
11862
20318
2526
2946
5469
9447
8876
18719
18350
17081
18467
1077
6979
9146
21282
5489
7200
8618
31992
15672
1068
23977
13784
28742
25919
4602
16263
22421
14716
12550
24664
1920
19937
30116
16986
12840
15132
18583
21200
22807
24736
8024
13793
16931
5625
14359
8849
13205
1628
22268
15088
15243
27267
