1000
28338
29261
6657
328
3710
17195
24549
10855
13821
10842
16024
18892
15511
8814
1010
32058
29460
31460
15373
28857
9322
9639
22705
14396
6355
32217
27920
27776
20259
27601
20916
3895
24665
2656
17589
31334
16756
12633
23087
24332
22408
2384
20723
5892
4624
3233
8061
20012
32646
6581
19751
18119
4145
31360
27548
15648
31551
1358
17550
11889
31251
15040
4012
1794
19936
1297
17614
31637
17271
31902
24179
4610
10589
21926
8302
7455
27681
23374
14044
12258
19692
7144
16729
19402
26202
10868
7796
20090
29576
6503
2912
25256
3439
4780
27628
30773
21104
12521
20148
1949
11311
32259
409
9362
10149
15076
19056
9188
4977
21628
6135
22692
22639
10757
16141
11401
16524
2188
6178
6034
8153
32685
4332
15085
5086
29598
1627
8984
19760
4207
31440
30022
5958
655
31882
3076
4744
6291
20576
18204
21673
12851
13494
4794
25399
8341
20650
27085
15472
23503
9102
22448
25176
12711
2203
15626
7176
20892
8931
23539
24905
23083
17800
28504
9313
19275
11308
20896
28205
570
6056
30351
112
8827
8961
15467
29291
4128
25752
22622
31662
24389
12192
25116
24877
23773
2517
17093
14486
5297
10603
2829
30178
30885
3909
29850
30507
3389
4456
4782
701
16225
27055
30213
27503
18269
7360
18433
20276
15660
19774
8452
9197
16886
20289
7709
1665
25303
4099
31208
48
6370
9692
11439
13860
2662
7280
22485
14153
29039
20775
117
23647
19344
29661
23878
28238
14048
32731
15298
1721
8259
16646
16519
24277
9963
14679
1789
124
22814
31371
25657
3453
11833
18460
20769
4407
25077
5487
16337
4198
5353
13391
24638
19260
22096
18330
6169
26036
31501
20026
12791
27171
26092
23127
1966
23055
9515
18635
11266
16709
2361
3287
22401
32550
6333
25620
7339
14914
1498
1708
10070
12840
2225
10185
2897
25467
17192
23118
26184
12873
4586
11718
22759
3737
28336
6041
6978
18243
18366
31878
12405
32517
28848
28237
32135
30674
4214
29100
18325
10349
12446
24717
23852
20535
20945
15486
28406
32070
10657
1377
23449
14518
28034
26725
29404
19780
20245
23349
29708
23576
3501
30575
19358
13283
16652
10839
21525
7722
16749
3277
7718
5858
20680
30588
1050
8764
26961
10069
3189
13506
21825
1596
24533
24995
29658
27648
22044
17227
20389
27537
24273
21047
27135
109
18628
7688
24531
12380
11505
7382
19369
30045
167
1222
2272
992
4842
25567
15415
16693
30997
27161
17811
32325
11972
6583
32508
19072
27888
20951
27880
29462
31836
26440
17340
618
1840
16283
26256
21444
11748
8829
17202
3909
25440
13636
12142
8737
21602
21703
11149
1800
24095
16755
11804
29413
22573
20891
23791
14795
13728
7696
22373
44
16756
23794
30188
3149
31275
24261
8904
19446
20662
25031
12305
25198
20121
12161
20219
21159
26443
14493
3163
6581
30939
8951
30310
19844
16345
32247
20411
5067
17012
4381
29604
1340
30432
30941
20376
20734
10491
1454
5637
13404
25391
4446
3661
6847
24218
16040
9742
31193
15980
22280
10151
15908
6801
15054
14840
23435
7569
6002
3433
22118
14772
22567
23085
22700
14697
1202
5064
10084
12008
637
30158
3165
1815
27623
19950
2079
17322
29151
10032
24609
8335
31665
14971
23869
10377
31007
18522
20064
32027
6836
16383
9094
21927
25685
22409
13542
31191
19993
31106
2665
15164
26459
11180
14177
12853
12301
21245
7800
16915
7246
30952
12774
10362
30271
30174
1000
7178
4627
9493
15213
15935
2150
1416
16658
25750
27344
27711
14416
31986
9913
11216
6388
4413
2671
21798
31952
11858
8309
30081
30129
12827
21791
30142
32657
17654
6747
32473
25357
606
32210
1968
7193
5319
25904
28681
6386
18633
25791
19671
25940
23425
25659
18873
5614
2101
1506
17348
2067
6454
970
386
18866
11
30583
11322
15752
14539
16301
28274
20372
31947
30851
23475
19915
2169
14777
1420
14606
30856
3915
25049
8793
590
24646
26182
26685
2922
14299
32014
26768
25769
9394
14089
31331
11307
8833
24293
17460
6849
16860
20915
16997
16538
591
16550
4589
29983
4778
16408
21326
32283
27548
18382
14791
12831
30851
2173
6858
6693
17027
14989
4528
22131
20949
18972
2988
19138
14690
1094
20477
21920
145
10660
22632
5907
24413
2578
3558
2687
170
3510
15770
30665
16089
20286
23045
32701
3738
11112
23677
18349
3073
27080
23259
2139
24029
25286
9589
1050
25413
18150
332
10287
24435
27468
21126
23933
6102
16255
19230
19554
6242
20589
29146
6108
4651
31919
5501
21488
2098
15887
62
15180
15998
11335
32634
26667
8047
7436
5030
5241
2896
1355
23687
9527
17963
32691
5541
1314
30689
7283
14077
4751
29305
24133
3574
9370
12985
2219
25238
27519
20211
9080
31990
12360
18466
22419
7923
14249
28982
2296
17959
19496
24747
20991
18968
13184
8288
17377
10926
4936
4007
4216
8939
2256
11160
326
21462
30796
12716
24505
7096
22324
20615
12973
28043
30186
23316
30003
15536
3230
12759
10897
20704
3951
22143
29578
5733
3538
23995
2271
16010
8504
13135
16149
17488
12011
25703
30585
10594
313
25643
8802
32587
31701
32403
14006
4327
28538
28029
17071
16407
20689
17405
31199
27577
22165
9204
25714
29144
17141
29156
5044
8735
23610
31490
32723
13460
22697
16781
29413
6275
16811
25439
9516
12215
4651
20162
28313
18928
5184
14724
12688
29842
16908
3662
25323
29339
11748
17457
21313
28887
13744
21634
7528
19031
1429
17128
24120
28959
11730
27571
6546
20255
20456
3183
28833
13157
9982
15033
3424
8080
28547
15698
26461
2440
29205
31602
17852
25964
13730
30303
8830
3020
7373
317
21252
20505
29331
11048
6606
23385
10798
3968
1417
7967
22073
132
16713
29883
6934
16419
14867
15534
8333
15118
15774
4705
18101
31250
30298
26646
8728
15781
26802
7966
786
30655
21902
28748
3194
6123
9757
14507
7556
23965
17617
32364
4838
9414
1963
16930
9018
24742
4024
28722
23204
14561
16860
1668
31156
31958
15566
17023
15246
24876
28772
27445
18248
15277
14865
3034
20627
12632
10924
12923
11166
2737
22898
1772
22583
8796
26703
19971
18484
8682
7513
11523
25873
243
13725
16731
6362
31333
21791
24721
24139
27675
14364
5241
7223
21682
2450
10154
20518
