100
29021
14686
4717
16056
29536
18681
19692
21647
24103
3848
17879
28098
22248
26356
18884
18471
31093
15707
4777
30313
3098
1123
15076
5887
10953
16975
24959
30554
11636
28240
25521
30563
19899
3997
20392
16676
20423
21189
29829
10437
12918
2372
13225
18619
10936
18261
30511
11836
28217
5128
29113
10742
4416
24468
2928
6400
31703
13294
8262
14865
14892
21403
29567
25328
11319
15042
31855
10795
22685
13957
28805
22796
26324
1681
11912
14793
1160
15604
28449
5627
14910
20528
24218
31057
29496
5005
997
3206
15512
2483
6368
7312
32712
17783
14295
8731
15384
19702
586
23861
